image: track_map.pgm
resolution: 0.050000
origin: [-15.550000, -23.000000, 0.000000]
negate: 0
occupied_thresh: 0.65
free_thresh: 0.196

